alpha 0.00307944452920877
beta -0.413626885324069
gamma 0.00756758597538113 0.00222363892840548 0.0399293975685495 -0.00741420935563211 0.00842078838146316 0.00507468027894697 0.00157878799518631 -0.00887614394563494 -0.0341383393674472 -0.00228373842902124 0.00526212317202751 0.00797099467870279 -0.00795356216177364 -0.00052473556544574 -0.0086111601441246 -0.00801076788422321 -0.0043190142503204 0.0203165222424396
omega -9.55627769042264
phi 0.799315566753743
sigmah 0.263727806434672
delta_v -0.000807303941333772
nu 4.2759570172144
lambda 0.273178591894878
rho -0.085597654492669
mu_j 0.0607793799480513
psi0 -3.06355124503612
psi -0.000301030944250182
S_mean -0.000885283753707998 0.00123528512234557 -0.00489878608952804 0.000100947791000924 6.32249028745421 0.00158693390777309 0.000722619347712748 -0.00362775599261205 -0.00319512942635716 0.00186647626539452 0.00167859494332267 0.00196702243638491 0.00176750307560996 -8.59085626561513e-05 0.0442089993431858 0.0109755268435934 0.0562370651437216 0.0142589834160967
S_std 0.00166122150750344 0.0184111794302235 0.0668052187760095 0.0143743386207911 0.159992940147338 0.0122617350505195 0.00118859011506591 0.0122324273609811 0.0653774528315593 0.000293217511438728 0.000575851832580079 0.00152316722066093 0.00233704423725097 0.00100217209396299 0.0238096885874191 0.0039776496826152 0.023886333693361 0.00805022452942824
V_mean 0.0442089993431858
V_std 0.0238096885874191
