alpha 0.00178846956660408
beta 0.170871523580348
gamma -0.00725548862744683 -0.00186841125276624 0.0653331243029889 -0.00764521291637137 0.000120348263006808 -0.013071611215101 0.00177912342888892 -0.0134518645216431 -0.0584072825652152 0.00693592477102092 -0.0128129522159628 -0.0118545618717678 -0.0099623459061818 0.00397257619744923 0.00682634609656534 -0.00362816884455758 0.00606160356973739 -0.0072021908520426
omega -8.54441296475543
phi 0.815329532827838
sigmah 0.291292565213547
delta_v -0.000527262449183993
nu 4.20943999767699
lambda 0.263875887766966
rho -0.114954413588793
mu_j 0.0347213654205533
psi0 -2.7212271324337
psi -0.000936670382754456
S_mean -0.000885283753707998 0.00123528512234557 -0.00489878608952804 0.000100947791000924 6.32249028745421 0.00158693390777309 0.000722619347712748 -0.00362775599261205 -0.00319512942635716 0.00186647626539452 0.00167859494332267 0.00196702243638491 0.00176750307560996 -8.59085626561513e-05 0.0442089993431858 0.0109755268435934 0.0562370651437216 0.0142589834160967
S_std 0.00166122150750344 0.0184111794302235 0.0668052187760095 0.0143743386207911 0.159992940147338 0.0122617350505195 0.00118859011506591 0.0122324273609811 0.0653774528315593 0.000293217511438728 0.000575851832580079 0.00152316722066093 0.00233704423725097 0.00100217209396299 0.0238096885874191 0.0039776496826152 0.023886333693361 0.00805022452942824
V_mean 0.0442089993431858
V_std 0.0238096885874191
